-0
-0
-0
-0
-0
-0
-0
-0
-0
-0
-0
-0
-0
-0
-0
-0
-0
-0
-0
-0
-0
-0
-0
-0
-0
-0
-0
-0
-0
-0
-0
-0
-0
-0
-0
-0
-0
-0
-0
-0
-0
-1.41671e-42
-1.61002e-40
-1.5002e-38
-1.24909e-36
-9.29552e-35
-6.18208e-33
-3.67419e-31
-1.9512e-29
-9.25843e-28
-3.9248e-26
-1.48623e-24
-5.02708e-23
-1.51855e-21
-4.09626e-20
-9.86535e-19
-2.12093e-17
-4.06966e-16
-6.96791e-15
-1.06432e-13
-1.4499e-12
-1.76101e-11
-1.90637e-10
-1.83858e-09
-1.57906e-08
-1.207e-07
-8.20589e-07
-4.95822e-06
-2.66008e-05
-0.000126573
-0.000533395
-0.00198714
-0.00652939
-0.0188635
-0.0477105
-0.10499
-0.199112
-0.320323
-0.424317
-0.43199
-0.264184
0.0941949
0.54549
0.902505
0.991648
0.767053
0.342472
-0.0866057
-0.364382
-0.44621
-0.384285
-0.26452
-0.152338
-0.0750338
-0.0320044
-0.0119137
-0.00389082
-0.00111891
-0.000284124
-6.38367e-05
-1.2711e-05
-2.24598e-06
-3.5253e-07
-4.91944e-08
-6.10784e-09
-6.75099e-10
-6.64623e-11
-5.83033e-12
-4.55937e-13
-3.17938e-14
-1.97753e-15
-1.09744e-16
-5.43499e-18
-2.40245e-19
-9.48097e-21
-3.34079e-22
-1.05126e-23
-2.95443e-25
-7.41698e-27
-1.66341e-28
-3.33287e-30
-5.96699e-32
-9.54626e-34
-1.3648e-35
-1.7439e-37
-1.99154e-39
-2.04239e-41
-2.88667e-43
-0
-0
-0
-0
-0
-0
-0
-0
-0
-0
-0
-0
-0
-0
-0
-0
-0
-0
-0
-0
-0
-0
-0
-0
-0
-0
-0
-0
-0
-0
-0
-0
-0
-0
-0
-0
-0
-0
-0
-0
-0
-0
-0
-0
-0
-0
-0
-0
-0
-0
-0
-0
-0
-0
-0
-0
-0
-0
-0
-0
-0
-0
-0
-0
-0
-0
-0
-0
-0
-0
-0
-0
-0
-0
-0
-0
-0
-0
-0
-0
-0
-0
-0
-0
-0
-0
-0
-0
-0
-0
-0
-0
-0
-0
-0
-0
-0
-0
-0
-0
-0
-0
-0
-0
-0
-0
-0
-0
-0
-0
-0
-0
-0
-0
-0
-0
-0
-0
-0
-0
-0
-0
-0
-0
-0
-0
-0
-0
-0
-0
-0
-0
-0
-0
-0
-0
-0
-0
-0
-0
-0
-0
-0
-0
-0
-0
-0
-0
-0
-0
-0
-0
-0
-0
-0
-0
-0
-0
-0
-0
-0
-0
-0
-0
-0
-0
-0
-0
-0
-0
-0
-0
-0
-0
-0
-0
-0
-0
-0
-0
-0
-0
-0
-0
-0
-0
-0
-0
-0
-0
-0
-0
-0
-0
-0
-0
-0
-0
-0
-0
-0
-0
-0
-0
-0
-0
-0
-0
-0
-0
-0
-0
-0
-0
-0
-0
-0
-0
-0
-0
-0
-0
-0
-0
-0
-0
-0
-0
-0
-0
-0
-0
-0
-0
-0
-0
-0
-0
-0
-0
-0
-0
-0
-0
-0
-0
-0
-0
-0
-0
-0
-0
-0
-0
-0
-0
-0
-0
-0
-0
-0
-0
-0
-0
-0
-0
-0
-0
-0
-0
-0
-0
-0
-0
-0
-0
-0
-0
-0
-0
-0
-0
-0
-0
-0
-0
-0
-0
-0
-0
-0
-0
-0
-0
-0
-0
-0
-0
-0
-0
-0
-0
-0
-0
-0
-0
-0
-0
-0
-0
-0
-0
-0
-0
-0
-0
-0
-0
-0
-0
-0
-0
-0
-0
-0
-0
-0
-0
-0
-0
-0
-0
-0
-0
-0
-0
-0
-0
-0
-0
-0
-0
-0
-0
-0
-0
-0
-0
-0
-0
-0
-0
-0
-0
-0
-0
-0
-0
-0
-0
-0
-0
-0
-0
-0
-0
-0
-0
-0
-0
-0
-0
-0
